716787
704763
820183
794346
820184
820255
301646
196139
196117
196177
196171
196119
196143
155167
155175
155174
159447
204607
155170
177098
187848
205494
189115
231143
282488
242964
235104
210250
214581
213104
198979
209026
182185
208379
171178
209814
179705
196798
193576
212120
174100
174102
175920
163347
162238
162212
207058
272389
269111
269593
219480
216291
273390
217779
233970
268610
216246
217102
217130
217763
216342
241574
267591
250889
231857
187481
203822
196014
205271
202184
230571
210769
226953
179703
178448
179124
155125
155809
155137
155743
156141
155743
155142
155809
155174
155804
155165
155767
155132
155766
155165
155767
196119
155768
155167
155805
160230
203168
160732
156228
