44092
55278
43963
43926
43925
43908
43926
43944
62685
70278
70278
70278
70240
70296
70278
70240
70222
70315
70278
100407
100407
100444
100388
100407
100389
100407
100407
100407
100425
100500
100333
100759
100500
100611
100426
100315
100407
100370
100407
100351
87870
87852
87814
87833
87888
87852
87851
87815
87795
87796
100370
100388
100352
100352
100407
100370
100370
100463
100611
100425
100444
87852
87833
87889
87870
87833
87870
87851
87870
87870
87907
87888
100426
100426
100537
115332
100629
100999
100740
100351
100796
100389
143314
78241
78222
78444
91611
95555
100296
95444
100055
94629
84240
55722
50648
50852
50204
50611
50907
50204
