0
28504
9078
8168
7897
7191
7164
3104
2412
2378
2504
2441
2388
2354
2364
2370
2404
2590
2421
2382
2668
2682
2636
2657
4784
3918
4824
5751
4907
4860
12847
4005
2603
2527
2574
2748
2693
2522
2597
3769
2530
2488
2553
2395
2480
2470
2398
2869
2961
3005
2907
2970
2925
6658
2883
3002
2914
2941
2892
2913
2917
3885
2956
2927
2882
2410
4125
3685
3109
2534
2789
2599
2558
8577
2584
2583
10646
2412
2375
2400
2359
2390
2354
2369
2377
2354
2412
2389
2381
2378
2450
2382
2400
2359
2374
2356
2394
2545
2424
2376
