0
1019644
941014
952829
955626
956885
955125
1005126
908033
940459
931514
927718
929496
931922
927774
929496
929682
958810
902107
934626
897885
901311
897867
899052
899385
900181
909848
906959
884256
904126
898070
944626
862644
907570
887811
894329
898940
900237
978885
822608
896571
910718
911644
911811
911608
913052
911644
912163
912052
912737
914089
899441
899774
899792
899459
899515
899829
900830
913829
956163
830200
896052
910126
911977
912718
912496
912293
911552
912089
912552
943792
878645
914089
902440
897255
913756
905460
914163
864719
886108
915441
886366
896700
865885
922570
969403
874904
896496
900052
899867
903978
973181
835682
908774
943237
949459
950477
950385
948570
954329
