0
1063736
996292
996792
999552
1000810
999033
1049052
951977
1003144
1001792
997996
999774
1002162
998070
999774
999922
1029032
972422
1004904
998292
1001718
998311
999440
999792
1000570
1010255
1007366
984663
1004551
998570
1044959
963403
1008070
988422
994755
999255
1000644
1079255
923015
996922
998588
999496
999625
999441
1000940
999496
1000014
999867
1000532
1001885
999811
1000162
1000144
999811
999922
1000199
1001200
1014292
1056774
930625
996496
997978
999810
1000607
1000366
1000126
999422
999940
1000422
1031662
966552
1001977
1002866
997681
1014293
1020792
1014792
965718
986848
1015792
987162
997089
1009199
1000811
1047625
953348
988107
995607
1000163
999422
1073236
930311
993014
998959
1000107
1001329
1000589
999181
1005236
