0
1063644
1006089
1007478
1017625
973200
1005959
1000589
1007441
994718
997070
989404
1004552
1007403
998070
998737
989367
1010959
1000700
998459
995626
1004422
992051
1007441
998663
1001811
1001459
990533
1004700
1002940
998256
1002792
998237
999978
1000977
1001959
996756
1001125
1001497
990922
1006477
1001737
999941
1000607
997181
1001978
993496
1008107
997478
999459
1004107
1002885
1001663
993552
1009237
991644
1003477
998219
995533
997200
1007459
1002811
996792
999089
1012144
997737
1001107
988089
995219
1008959
999551
1034700
978404
1013477
978626
982311
1004348
1004255
1001737
995367
1013996
1000922
1002552
1005144
994792
998830
985329
1011922
994330
1008126
990162
1025626
978200
998403
986904
1002922
1010626
1024033
996311
996737
