41371
41297
41296
56445
41296
58907
41741
54018
54000
54000
53982
53981
53982
77037
54018
77037
53999
100259
100277
100277
100277
100259
100278
100259
143055
100277
143074
87740
87741
87741
87741
125185
87722
87741
87722
87722
87722
125166
87722
87740
87722
87740
87741
87741
87722
87740
87741
87740
100259
100259
100277
143074
143055
143056
143036
143055
100259
100277
87667
87740
125166
125185
87741
87740
87740
87741
87740
87740
87833
100259
100278
100259
100277
100259
100278
100259
100277
100278
100259
82389
125166
87722
125166
87722
87722
87740
125166
87851
87778
58574
58592
60278
69500
77167
74019
59407
67241
77648
66722
70388
