46389
38981
39129
39223
39000
39000
39093
39000
39019
39019
39000
39167
39000
48926
39111
38999
39000
39018
39000
39000
39000
39148
39093
38999
48833
39019
39074
39000
39000
39166
39018
39000
39000
39000
39000
38999
39000
39092
39000
39000
39018
39000
38981
39130
39000
39186
39037
39074
39092
39148
39000
39130
39222
39000
39000
39037
39167
39000
39148
39222
38999
38999
39018
39000
39000
39000
39000
39389
39000
39000
39018
39241
39000
39166
39537
39185
39000
39037
39037
39130
39018
39111
39371
39000
39148
46389
43185
39018
39204
51463
47907
48426
39240
39222
43907
46463
39277
39296
39315
39166
