966312
936590
946386
941015
954794
951257
963034
936498
942201
945627
946867
944961
945664
922294
947942
921627
956590
896535
907128
892498
898739
899312
900979
898905
899183
857998
854887
910424
911701
911071
914497
873350
911813
911331
914202
923313
901053
871905
913683
911720
911665
911498
913553
911331
911813
947239
878145
915220
897608
898331
906405
853961
856683
855608
860887
854331
899534
896257
914201
909664
874183
873813
915090
910164
911702
911349
913572
933961
898960
892627
905293
894164
898961
898609
902201
899108
1012016
798553
905312
905034
865701
910257
880331
936275
906072
904609
890053
1190367
744794
833923
931257
915182
934664
929201
928201
925331
928238
994701
866183
931609
