2631456
262814
983313
936164
963109
956516
957331
961553
958849
964349
2329272
602998
966924
956886
947961
947387
962812
961757
959387
958757
964109
2394623
539498
965646
948942
953701
949979
966164
1107312
830054
943405
956905
960201
967498
954479
966294
979590
958424
942627
960183
957090
960664
1801347
128388
1797922
133055
1338515
572276
2379217
550962
965257
956238
955571
957720
958646
2600401
331740
964423
958479
952535
950424
961350
961665
966423
954775
966386
1155756
782517
942942
957053
2017884
915553
967479
970090
1419533
476332
969961
970238
946238
963516
963757
1575793
353851
952350
964276
1485107
440165
5655634
248406
985720
956349
913942
986627
994442
956849
956442
911591
1020387
928627
919164
