989223
1011032
1005099
1037519
945569
1101362
895283
1100324
1002828
976590
995621
998586
918706
1085457
992768
988685
931537
1111857
896847
3734417
262288
1001202
997946
999208
1001447
998708
999074
1074819
939646
999730
986442
1006337
998696
999308
994502
1000467
999210
1000902
996648
1003139
1005686
998463
993332
1122111
942536
942494
990538
1008684
998260
999431
993167
1007802
1001847
1065492
1026224
965896
948188
990962
1048131
957459
1059614
956767
1048119
1034427
898958
1126359
860965
1086013
1031895
891306
1061147
1038187
901196
1000780
994093
1003835
996933
1062003
932863
1068230
942297
1067064
979488
1008076
1013112
928494
1058622
1013014
918766
1078562
981486
1031499
907722
1071997
986499
1033547
916542
1066468
974209
1039672
