1007683
977887
987682
997460
996090
1010164
1004775
990516
996201
999627
1000849
998942
999646
999331
1001960
998664
1010589
996794
1007405
992775
999016
999571
1001257
999164
1042238
958275
997961
998164
999442
998812
1002238
998535
999535
999072
1001924
1011035
988775
997071
1001405
999460
999387
999238
1001294
999072
999535
1034979
965886
1002960
997867
998590
1006682
997035
999738
998664
1003923
997386
999793
996534
1001868
997404
999349
998998
1002831
997904
999442
999090
1001312
1021701
986793
992886
1005571
994423
999238
998868
1002479
999367
1112293
898831
1005571
987423
990867
997979
1005497
1023997
993794
992349
1015219
1278218
832572
892497
989849
975460
1004164
1006368
1002220
984738
995479
1072349
932905
1001997
